epoch:100,knownsMinimumMag:5,u:0.05,openness:0.1, unseen_num:16,alpha:0.1,beta:0.1
 dataset:AwA,softmax_acc:23.28,softmax_ccrs:[1.42, 3.49, 5.59, 11.08, 14.97, 27.66]
loss:[283.31275701522827, 181.4811749458313, 166.62713479995728, 146.66584610939026, 138.73207545280457, 123.98747515678406, 114.57005095481873, 107.67026448249817, 104.30955398082733, 174.95946717262268, 127.58790183067322, 119.17701888084412, 115.53488326072693, 112.88451313972473, 112.87936425209045, 111.20332312583923, 112.94141221046448, 111.9303126335144, 113.00281023979187, 112.61390042304993, 113.9411895275116, 113.86677169799805, 114.77164053916931, 97.64001548290253, 85.64151453971863, 79.89213562011719, 75.44205367565155, 71.62840163707733, 69.68143332004547, 67.62735736370087, 66.54290473461151, 65.70545780658722, 65.80526196956635, 64.09233951568604, 64.33104121685028, 62.871615052223206, 62.880762577056885, 61.66785740852356, 61.75233542919159, 61.81864142417908, 60.86380422115326, 60.33139908313751, 60.037524580955505, 59.4880827665329, 59.59112763404846, 59.30477273464203, 55.46608281135559, 53.53864312171936, 52.74707639217377, 51.75140464305878, 52.12960505485535, 51.74622344970703, 51.521169900894165, 52.115504026412964, 51.31966972351074, 51.0276415348053, 51.677191972732544, 51.61216199398041, 50.9641797542572, 51.0853111743927, 52.164461612701416, 51.64056921005249, 50.50847887992859, 52.578837275505066, 51.24377226829529, 51.9399938583374, 51.93275845050812, 50.994179487228394, 50.9263482093811, 51.46816682815552, 50.70363795757294, 50.53674113750458, 50.26020669937134, 50.96923005580902, 50.87363839149475, 50.52535390853882, 51.41091692447662, 51.19979906082153, 51.08700394630432, 50.64447808265686, 50.519603848457336, 51.44074773788452, 50.176545202732086, 50.97509789466858, 51.14944911003113, 50.93808925151825, 50.2922625541687, 51.22421908378601, 50.677969574928284, 50.525853514671326, 50.235414028167725, 50.70277285575867, 50.92750942707062, 50.057029008865356, 50.083907544612885, 49.28885245323181, 49.93779683113098, 49.43673229217529, 50.90868830680847, 51.52419352531433]

epoch:100,knownsMinimumMag:5,u:0.05,openness:0.1, unseen_num:16,alpha:0.1,beta:0.01
 dataset:animals,softmax_acc:58.46,softmax_ccrs:[21.78, 31.56, 40.24, 58.07, 65.38, 80.78]
loss:[50.152453660964966, 27.962420225143433, 23.331580877304077, 21.367425084114075, 19.396724343299866, 17.310619711875916, 16.57176661491394, 16.31052428483963, 16.264935195446014, 24.51673114299774, 17.694246530532837, 15.895779132843018, 14.966001868247986, 16.069273054599762, 15.5460844039917, 15.207972288131714, 15.609377920627594, 16.482269167900085, 15.167759120464325, 14.611131727695465, 16.487533628940582, 16.33013081550598, 14.968952417373657, 14.129835307598114, 13.237143397331238, 12.585404098033905, 13.202054977416992, 12.374563217163086, 12.87083113193512, 12.690210819244385, 12.458666145801544, 12.84737890958786, 12.52997624874115, 12.696128964424133, 12.352964580059052, 12.859040439128876, 12.554753303527832, 12.714707612991333, 12.153619170188904, 12.767711699008942, 12.13896906375885, 12.159065842628479, 12.963768541812897, 12.952675461769104, 13.39472371339798, 13.046296834945679, 12.702379703521729, 12.751810073852539, 12.522385716438293, 12.320901155471802, 12.428510427474976, 12.126484274864197, 11.584087133407593, 12.08075726032257, 12.445697546005249, 12.197580516338348, 12.016112565994263, 11.730622589588165, 11.866564989089966, 12.114494621753693, 11.77168983221054, 11.47282612323761, 12.121454417705536, 11.455372035503387, 11.617674052715302, 11.927509129047394, 12.001964628696442, 12.164811551570892, 12.029654264450073, 11.686977207660675, 12.045226454734802, 11.835700511932373, 12.209477126598358, 11.46027559041977, 12.372366070747375, 12.240747570991516, 11.99489575624466, 11.829173564910889, 11.626669347286224, 11.612707674503326, 11.499110281467438, 12.190345823764801, 11.44969356060028, 11.676210045814514, 11.831526339054108, 11.551538527011871, 11.493118584156036, 11.71411269903183, 11.872954666614532, 11.417765855789185, 11.787266433238983, 11.515770196914673, 11.722057223320007, 12.100518703460693, 11.990891933441162, 12.351329863071442, 11.430582046508789, 12.264422297477722, 11.46347051858902, 11.870812892913818]

epoch:100,knownsMinimumMag:5,u:0.05,openness:0.1, unseen_num:2,alpha:0.01,beta:0.001
 dataset:esp_game,softmax_acc:60.05,softmax_ccrs:[17.32, 25.89, 30.61, 46.45, 58.65, 83.52]
loss:[23.971234261989594, 7.585441514849663, 4.63199707865715, 4.317947164177895, 3.2957602068781853, 3.44964599609375, 2.8771257549524307, 2.5827643275260925, 2.722338542342186, 9.952270776033401, 4.794000521302223, 2.822540022432804, 2.6850632280111313, 2.544915296137333, 2.8297923132777214, 3.0346090644598007, 2.7245504185557365, 2.8670324981212616, 2.7336563169956207, 3.0027733594179153, 2.8455514535307884, 2.777101345360279, 3.785544976592064, 3.022093914449215, 2.616046369075775, 2.464038535952568, 2.482451766729355, 2.6367129012942314, 2.3960387110710144, 2.397049956023693, 2.222247801721096, 2.3076762184500694, 2.32257167249918, 2.411693960428238, 2.29759119451046, 2.105870559811592, 2.274621680378914, 2.412127837538719, 2.2247923761606216, 2.2755514085292816, 2.110611468553543, 2.3058617562055588, 2.184755027294159, 3.038803420960903, 2.295207343995571, 2.378099113702774, 2.393037185072899, 2.0878880992531776, 2.442895255982876, 2.341623179614544, 2.281259708106518, 2.155713066458702, 2.234521470963955, 2.134385883808136, 2.1663597226142883, 2.088085174560547, 2.045612260699272, 2.153735935688019, 2.5077865943312645, 2.1791031286120415, 2.1885669231414795, 2.214711420238018, 2.1711534932255745, 2.4248256757855415, 2.2383619621396065, 2.1390607357025146, 2.2931875735521317, 2.3222313672304153, 2.363051101565361, 2.08603685349226, 2.261659935116768, 2.1723197624087334, 2.2309088110923767, 2.039451017975807, 2.0761211439967155, 2.077977053821087, 2.162144646048546, 2.2078939080238342, 2.1558061689138412, 2.197222352027893, 2.130668096244335, 2.13142416626215, 2.2259089276194572, 2.2552377581596375, 2.259197659790516, 2.130305252969265, 2.2716777622699738, 2.315290130674839, 2.2355219572782516, 2.2858332619071007, 2.3093574568629265, 2.2188016027212143, 2.1506867855787277, 2.196959339082241, 2.1643526181578636, 2.087171070277691, 2.1921509504318237, 2.1020702868700027, 2.2041474506258965, 2.3169395849108696]

epoch:100,knownsMinimumMag:5,u:0.05,openness:0.1, unseen_num:16,alpha:0.1,beta:0.01
 dataset:VGGFace2_50,softmax_acc:33.57,softmax_ccrs:[6.78, 12.16, 15.05, 25.39, 30.05, 44.14]
loss:[186.67845273017883, 97.18077373504639, 83.26566708087921, 77.77883982658386, 73.22282719612122, 68.9028240442276, 66.64023506641388, 68.45415210723877, 67.33329033851624, 120.70615875720978, 79.56308591365814, 77.47383153438568, 79.63522601127625, 77.24290931224823, 78.9252301454544, 78.59371137619019, 78.01781749725342, 75.82820153236389, 76.67373061180115, 76.94052684307098, 76.25449132919312, 79.70643639564514, 76.97834372520447, 66.68524897098541, 58.14169764518738, 56.04786962270737, 54.54997569322586, 53.683009922504425, 54.20735776424408, 54.532867670059204, 52.785210967063904, 53.58436876535416, 52.77852249145508, 52.437509417533875, 52.066548347473145, 52.051439344882965, 53.14918768405914, 52.90371209383011, 51.09697908163071, 50.852325677871704, 51.7141318321228, 49.98241078853607, 50.78422558307648, 50.651532769203186, 49.90399360656738, 50.234899401664734, 47.76748287677765, 47.37030792236328, 46.837350845336914, 46.68787086009979, 45.36055946350098, 46.953053653240204, 47.497421741485596, 45.96570658683777, 45.92112988233566, 47.25750941038132, 46.18240225315094, 45.72503137588501, 48.68285208940506, 46.95053845643997, 47.30698782205582, 47.050212144851685, 45.901963114738464, 47.17211979627609, 46.5731360912323, 46.51420313119888, 46.31695532798767, 47.05141073465347, 46.918738067150116, 46.33225339651108, 46.92819905281067, 47.65774601697922, 46.01810371875763, 46.45216029882431, 46.13899886608124, 45.829963743686676, 46.88743931055069, 46.99988651275635, 46.32190829515457, 46.20290011167526, 46.387308061122894, 46.531258285045624, 45.88442599773407, 45.509551644325256, 46.36489546298981, 46.18145793676376, 45.60728085041046, 44.47130757570267, 45.34122461080551, 45.33043950796127, 46.58824545145035, 46.90369415283203, 46.1891473531723, 46.88094872236252, 46.17885684967041, 46.097056806087494, 45.486705243587494, 45.60019636154175, 44.741816222667694, 45.60206210613251]

epoch:100,knownsMinimumMag:5,u:0.05,openness:0.1, unseen_num:3,alpha:0.01,beta:0.001
 dataset:NUSWide20k,softmax_acc:50.25,softmax_ccrs:[7.31, 16.35, 21.31, 36.76, 46.28, 73.47]
loss:[36.280671417713165, 15.90768238902092, 13.390687197446823, 11.03015998005867, 10.057636439800262, 9.492851004004478, 9.34898741543293, 9.243199095129967, 9.107787191867828, 18.120093882083893, 10.264227420091629, 9.175850942730904, 9.090678840875626, 9.036860674619675, 9.184695929288864, 9.254594177007675, 9.392892941832542, 9.215031862258911, 8.967419773340225, 9.142247170209885, 9.113034799695015, 9.117516070604324, 8.911424487829208, 8.091426745057106, 7.890182256698608, 8.051911741495132, 7.965276330709457, 7.692295551300049, 7.935289680957794, 7.830742448568344, 7.574427962303162, 7.629346996545792, 7.710705369710922, 7.725964650511742, 7.415765881538391, 7.590351805090904, 7.381721258163452, 7.630707859992981, 7.5126921236515045, 7.550345614552498, 7.423577889800072, 7.5527926832437515, 7.30162139236927, 7.474421814084053, 7.601084262132645, 7.448041930794716, 7.3734011054039, 7.302999660372734, 7.453862950205803, 7.369961589574814, 7.405942738056183, 7.39003412425518, 7.259615570306778, 7.385927706956863, 7.501399040222168, 7.563856512308121, 7.507993549108505, 7.546523004770279, 7.504340440034866, 7.333253800868988, 7.472609430551529, 7.4032494723796844, 7.3387143313884735, 7.336523041129112, 7.625426426529884, 7.593006208539009, 7.297414645552635, 7.455430030822754, 7.40615151822567, 7.199677646160126, 7.5483608692884445, 7.493164956569672, 7.259202480316162, 7.264514192938805, 7.300284057855606, 7.282204285264015, 7.292034640908241, 7.433912932872772, 7.2720083594322205, 7.373525604605675, 7.416300982236862, 7.600685656070709, 7.286561504006386, 7.259236961603165, 7.278769224882126, 7.310789123177528, 7.492791518568993, 7.307270988821983, 7.604663968086243, 7.2901095896959305, 7.028728142380714, 7.571374341845512, 7.299523934721947, 7.371303737163544, 7.466184988617897, 7.458884447813034, 7.4313227236270905, 7.203539669513702, 7.369937911629677, 7.322306662797928]

epoch:100,knownsMinimumMag:5,u:0.05,openness:0.1, unseen_num:10,alpha:0.01,beta:0.001
 dataset:NUSWIDEOBJ,softmax_acc:25.51,softmax_ccrs:[1.2, 4.12, 6.16, 14.17, 19.12, 35.19]
loss:[140.02958822250366, 90.78971314430237, 78.13692772388458, 78.06127762794495, 72.29926824569702, 65.20868301391602, 62.392244815826416, 60.26028752326965, 57.1882529258728, 93.05606889724731, 62.433552265167236, 60.029735684394836, 58.927722811698914, 59.58408188819885, 58.61777973175049, 57.76027595996857, 56.83511972427368, 57.24805235862732, 56.71470618247986, 56.55001711845398, 56.75927269458771, 56.869362473487854, 56.63748335838318, 51.06274771690369, 48.46977889537811, 46.535788893699646, 46.46159714460373, 46.302536606788635, 45.42247819900513, 44.77027893066406, 44.552210330963135, 44.34618806838989, 43.57432579994202, 42.93383055925369, 42.71097958087921, 42.53070831298828, 42.09990918636322, 42.0127387046814, 41.59616297483444, 40.97105175256729, 40.882388949394226, 41.175951063632965, 40.39334565401077, 40.15661287307739, 39.76772791147232, 39.53084087371826, 36.25912582874298, 36.07127559185028, 35.36838960647583, 35.51333272457123, 35.270235538482666, 35.24082064628601, 35.64795923233032, 35.1435672044754, 35.23079204559326, 35.242135763168335, 34.69893157482147, 35.11967259645462, 34.388072192668915, 34.67772430181503, 34.53667253255844, 34.85379087924957, 34.51565378904343, 34.98025816679001, 34.78585880994797, 34.08717930316925, 34.493796825408936, 34.08160465955734, 34.62656778097153, 34.18015915155411, 34.01613759994507, 33.874462246894836, 34.3582683801651, 33.769155502319336, 33.518167436122894, 34.0587123632431, 34.205090284347534, 34.00350624322891, 33.74433296918869, 33.84145277738571, 33.789643585681915, 33.728789150714874, 33.85055857896805, 33.78457289934158, 33.63149130344391, 33.463811695575714, 33.99126499891281, 34.054135382175446, 34.0588299036026, 33.92892283201218, 33.829769551754, 33.85352349281311, 33.98450893163681, 33.70068657398224, 33.64204782247543, 33.833643078804016, 33.47425180673599, 34.0284264087677, 33.79457175731659, 33.78420501947403]
